$ANSIBLE_VAULT;1.1;AES256
32303462326137613163343736366434616337626132346431663766666634623739623566363964
6435346661633461613430363133313565656561616261640a346365393765383261393338303663
31626463636631306333326334623439393861623134343163613237363438323238323035393362
3335313063396439370a303864393161663931363734643833623866343332643366323863636335
32636632333634613537343534303732386535663665393134393036346438666261613337346533
37363835353235643466646362306161303332626135333337356437373764376164313132323132
62626439393565396661383537353330373663336564336465386539643464363231666163316462
39343261356237666264356162376666663832316166306133376635613739396561313432663535
33313437616162366434303136666538666530373064643065663639643237353439303063396266
39633061393433333263316134616432343039346364313334336334393834323331653164646535
63323039373366343762336135626664306266333531353534386336303335366239653230643865
37643231396266643434643839303739656339656462646632616431366164653830323438626535
63656430363930656437386339623766616163376566343434616264333966376562666339633565
64646331313065643036656535393865396435633763303362303032666436383530333831356136
36363762636663626136303339316233306139623731626132666331623331643837363863666633
35366431333464363163333637373532633138633939646365656434323964646438633435316631
35366466346632643537366535316234653339306134663661396436326236383133393762336438
30666132616664323136626265376465343935326634333038633637306137643831623830623330
37313338343966303235636261303863356138643665626163633338353462316235336465313939
31393635663639646332323237386331336333623632353231623231646665393030346136666262
37306332313530353066373932636637333862616262623437303430353866366134336164316335
62636633383665303337623039633265373461646561363837326564393365663063396366376362
62633834336564313239666265346231353063616266386634623236393061613761666433643562
38613738323939613962656338393739613864316363396139643337323436626664393662616534
30346461323736336331323661643237373437383561666534613733363764336535336361643039
33636130643435363831343261623030326163393139393864626539393237393966343363363064
65613333396432643033653030303162383163363232613165353338323339363436373736363638
32353131376666663562356536326237313061643564383164653434623761386666656630663337
61373662383961333866333536393964623665366532633533633563636439323862653534346562
66613536633933383464663263613330363466316433313265663438636663656232643936333666
37646263343030633561366637303961363732303665353432323539353261636533616536633931
38363430663166613337656537353633373662653037303136386639336530383832623433373732
38393839386239613839616166343463326636303164393031383065343438616333393365323266
30356334623566336634313733383235353130633333316334633431663239366637633963383736
34616631386437646462313765396136646235623435623437366134643061376330666166626130
66336437653065393835
